600026
600391
600398
600498
600521
600538
600589
600596
600615
600667
600773
600816
600884
600895
600973
601128
601199
601566
601727
601799
601886
601975
603012
603019
603026
603041
603042
603075
603124
603158
603175
603181
603186
603213
603228
603256
603276
603281
603308
603375
603439
603499
603530
603538
603567
603629
603637
603663
603666
603681
603682
603690
603701
603726
603730
603773
603800
603906
603916
603919
603937
605016
605020
605055
605058
605117
605133
605366
688667
688679
688707
688758
688786
000062
000063
000070
000411
000429
000518
000688
000695
000716
000880
000890
001266
001269
001298
001313
001316
001336
002028
002051
002056
002072
002079
002158
002176
002177
002179
002192
002213
002235
002240
002266
002397
002429
002436
002438
002466
002491
002568
002631
002636
002645
002647
002652
002654
002685
002709
002722
002745
002755
002787
002837
002849
002871
002885
002916
002998
003011
003019
003023
003036