600183
600186
600222
600226
600330
600336
600353
600367
600460
600480
600487
600497
600500
600530
600545
600563
600575
600577
600580
600584
600596
600601
600699
600714
600727
600791
600984
601100
601137
601199
601208
601958
603001
603002
603006
603025
603031
603051
603066
603083
603085
603110
603120
603139
603150
603186
603194
603266
603267
603269
603270
603281
603290
603307
603329
603353
603356
603375
603439
603505
603527
603601
603607
603637
603666
603679
603703
603757
603777
603800
603867
603868
603880
603893
603920
603928
603931
603936
603986
603990
605006
605018
605020
605058
605069
605111
605151
605168
605339
000159
000338
000411
000417
000509
000670
000697
000922
000962
000997
001266
001314
001332
001336
001359
001366
001373
001378
001389
002008
002011
002012
002015
002056
002080
002106
002135
002149
002156
002158
002174
002179
002184
002189
002203
002222
002241
002245
002254
002266
002272
002273
002277
002283
002297
002303
002313
002319
002334
002364
002384
002436
002449
002453
002463
002475
002484
002520
002552
002559
002576
002579
002585
002606
002635
002645
002652
002664
002678
002708
002715
002741
002757
002774
002806
002815
002823
002859
002860
002865
002870
002885
002897
002913
002916
002925
002973
002975
002980
002990
002993
003022